[gd_scene format=3 uid="uid://b0hwbv6450ror"]

[ext_resource type="Script" uid="uid://beb2p3obw00h8" path="res://scripts/hex_system/settlement.gd" id="1_l415u"]
[ext_resource type="PackedScene" uid="uid://d4ck04oubluj3" path="res://scenes/tops/topper_blacksmith.tscn" id="1_xmt5k"]
[ext_resource type="PackedScene" uid="uid://bidvvqjxevoc3" path="res://scenes/tops/topper_market.tscn" id="6_616a5"]
[ext_resource type="PackedScene" uid="uid://8hv1i8bxhtup" path="res://scenes/tops/buildable_structure.tscn" id="6_l415u"]
[ext_resource type="PackedScene" uid="uid://ceeffxsbgrta" path="res://scenes/tops/fence_stone_straight_gate_collision.tscn" id="7_616a5"]
[ext_resource type="PackedScene" uid="uid://clf621pbnvsbw" path="res://scenes/tops/topper_tavern.tscn" id="7_l415u"]
[ext_resource type="PackedScene" uid="uid://gb2g45tjja61" path="res://meshes/kay_fantasy_hexagon/buildings/neutral/building_stage_A.glb" id="7_mkm41"]
[ext_resource type="Script" uid="uid://cvpndsdtuqm4i" path="res://tools/quest_system/scripts/fetch_objective.gd" id="8_mt1kp"]
[ext_resource type="Resource" uid="uid://byeghtr0gkyhp" path="res://tools/quest_system/resources/quests/build_blacksmith.tres" id="9_47cix"]
[ext_resource type="PackedScene" uid="uid://dgx2trjwvt0vn" path="res://scenes/tops/fence_stone_straight.tscn" id="11_04njl"]
[ext_resource type="PackedScene" uid="uid://cnxe4icmn8yi5" path="res://scenes/tops/house_simple.tscn" id="11_47cix"]
[ext_resource type="PackedScene" uid="uid://c6gesglis1r62" path="res://scenes/tops/topper_questboard.tscn" id="11_mt1kp"]
[ext_resource type="Material" uid="uid://c66vbca7lgh6m" path="res://materials/kay_fantasy_default.tres" id="12_mkm41"]
[ext_resource type="PackedScene" path="res://scenes/tops/topper_shipyard.tscn" id="14_shipyard"]
[ext_resource type="Resource" path="res://tools/quest_system/resources/quests/build_shipyard.tres" id="15_shipyard_quest"]
[ext_resource type="Resource" path="res://resources/settlement_upgrades/settlement_level_2.tres" id="16_upgrade_2"]
[ext_resource type="Resource" path="res://resources/settlement_upgrades/settlement_level_3.tres" id="17_upgrade_3"]
[ext_resource type="Script" path="res://scripts/hex_system/settlement_upgrade_info.gd" id="18_upgrade_info"]

[sub_resource type="BoxShape3D" id="BoxShape3D_04njl"]
size = Vector3(1.602665, 0.30893278, 1.25601)

[sub_resource type="BoxShape3D" id="BoxShape3D_msdat"]
size = Vector3(1.0518265, 0.28567123, 0.880126)

[node name="starting_settlement" type="Node3D" unique_id=1143800928 node_paths=PackedStringArray("spawn_position")]
script = ExtResource("1_l415u")
spawn_position = NodePath("player_spawn")
is_active_settlement = true
upgrade_requirements = Array[ExtResource("18_upgrade_info")]([ExtResource("16_upgrade_2"), ExtResource("17_upgrade_3")])

[node name="structures" type="Node3D" parent="." unique_id=516994821]
transform = Transform3D(1, 0, 0, 0, 1, 0, 0, 0, 1, -0.9910254, 0, -1.75)

[node name="market" parent="structures" unique_id=2075765343 instance=ExtResource("6_616a5")]
transform = Transform3D(0.9999999, 0, 0, 0, 1, 0, 0, 0, 0.9999999, 0.9910254, 0, 5.25)

[node name="buildable_structure" parent="structures" unique_id=147799684 node_paths=PackedStringArray("build_steps") instance=ExtResource("6_l415u")]
build_steps = [NodePath("foundation"), NodePath("blacksmith")]

[node name="foundation" parent="structures/buildable_structure" unique_id=216741624 instance=ExtResource("7_mkm41")]
script = ExtResource("8_mt1kp")
quest = ExtResource("9_47cix")

[node name="building_stage_A" parent="structures/buildable_structure/foundation/RootNode" parent_id_path=PackedInt32Array(216741624, 151036270) index="0" unique_id=623122469]
surface_material_override/0 = ExtResource("12_mkm41")

[node name="interaction" type="Area3D" parent="structures/buildable_structure/foundation" unique_id=1087166324]

[node name="CollisionShape3D" type="CollisionShape3D" parent="structures/buildable_structure/foundation/interaction" unique_id=1366150295]
transform = Transform3D(1, 0, 0, 0, 1, 0, 0, 0, 1, 0.016907275, 0.14401507, 0.122535765)
shape = SubResource("BoxShape3D_04njl")

[node name="collision" type="StaticBody3D" parent="structures/buildable_structure/foundation" unique_id=258863365]

[node name="CollisionShape3D" type="CollisionShape3D" parent="structures/buildable_structure/foundation/collision" unique_id=1289901415]
transform = Transform3D(1, 0, 0, 0, 1, 0, 0, 0, 1, 0.043712616, 0.14244652, 0.09556866)
shape = SubResource("BoxShape3D_msdat")

[node name="blacksmith" parent="structures/buildable_structure" unique_id=728034513 instance=ExtResource("1_xmt5k")]
visible = false

[node name="tavern" parent="structures" unique_id=1607926184 instance=ExtResource("7_l415u")]
transform = Transform3D(-0.4999999, 0, -0.86602545, 0, 1, 0, 0.86602545, 0, -0.4999999, 2.973076, 0, 1.75)

[node name="questboard" parent="structures" unique_id=1065241070 instance=ExtResource("11_mt1kp")]
transform = Transform3D(0.8660254, 0, 0.5, 0, 1, 0, -0.5, 0, 0.8660254, 1.727946, 0, -0.6648607)

[node name="home" parent="structures" unique_id=2074058054 instance=ExtResource("11_47cix")]
transform = Transform3D(-0.59999985, 0, 1.0392307, 0, 1.1999999, 0, -1.0392307, 0, -0.59999985, -0.9910254, 0, 1.75)

[node name="buildable_shipyard" parent="structures" unique_id=1155992019 node_paths=PackedStringArray("build_steps") instance=ExtResource("6_l415u")]
transform = Transform3D(0.4999999, 0, -0.8660253, 0, 1, 0, 0.8660253, 0, 0.4999999, 2, 0, 3.5)
build_steps = [NodePath("foundation"), NodePath("shipyard")]

[node name="foundation" parent="structures/buildable_shipyard" unique_id=584562873 instance=ExtResource("7_mkm41")]
script = ExtResource("8_mt1kp")
quest = ExtResource("15_shipyard_quest")
required_settlement_level = 2

[node name="building_stage_A" parent="structures/buildable_shipyard/foundation/RootNode" parent_id_path=PackedInt32Array(584562873, 151036270) index="0" unique_id=623122470]
surface_material_override/0 = ExtResource("12_mkm41")

[node name="interaction" type="Area3D" parent="structures/buildable_shipyard/foundation" unique_id=418156358]

[node name="CollisionShape3D" type="CollisionShape3D" parent="structures/buildable_shipyard/foundation/interaction" unique_id=1870778616]
transform = Transform3D(1, 0, 0, 0, 1, 0, 0, 0, 1, 0.016907275, 0.14401507, 0.122535765)
shape = SubResource("BoxShape3D_04njl")

[node name="collision" type="StaticBody3D" parent="structures/buildable_shipyard/foundation" unique_id=1791282148]

[node name="CollisionShape3D" type="CollisionShape3D" parent="structures/buildable_shipyard/foundation/collision" unique_id=2086862310]
transform = Transform3D(1, 0, 0, 0, 1, 0, 0, 0, 1, 0.043712616, 0.14244652, 0.09556866)
shape = SubResource("BoxShape3D_msdat")

[node name="shipyard" parent="structures/buildable_shipyard" unique_id=1982906435 instance=ExtResource("14_shipyard")]
visible = false

[node name="walls" type="Node3D" parent="." unique_id=854268926]
transform = Transform3D(1, 0, 0, 0, 1, 0, 0, 0, 1, -0.9910254, 0, -1.75)

[node name="Node3D" parent="walls" unique_id=1934283632 instance=ExtResource("11_04njl")]
transform = Transform3D(0.49999997, 0, -0.86602545, 0, 1, 0, 0.86602545, 0, 0.49999997, 2, 0, 0)

[node name="Node3D2" parent="walls" unique_id=334531834 instance=ExtResource("11_04njl")]
transform = Transform3D(-0.5000001, 0, -0.8660254, 0, 1, 0, 0.8660254, 0, -0.5000001, 2, 0, 0)

[node name="ShipyardWallA" parent="walls" unique_id=1379876859 instance=ExtResource("11_04njl")]
transform = Transform3D(-0.4999998, 0, 0.86602545, 0, 0.99999964, 0, -0.86602545, 0, -0.4999998, 0, 0, 3.5)

[node name="ShipyardWallB" parent="walls" unique_id=1001834579 instance=ExtResource("11_04njl")]
transform = Transform3D(0.99999994, 0, -2.682209e-07, 0, 0.99999964, 0, 2.682209e-07, 0, 0.99999994, 0, 0, 3.5)

[node name="Node3D4" parent="walls" unique_id=998899151 instance=ExtResource("11_04njl")]
transform = Transform3D(-0.49999988, 0, 0.8660255, 0, 1, 0, -0.8660255, 0, -0.49999988, 2.973076, 0, 1.75)

[node name="ShipyardWallC" parent="walls" unique_id=1773515905 instance=ExtResource("11_04njl")]
transform = Transform3D(-0.49999988, 0, 0.8660255, 0, 1, 0, -0.8660255, 0, -0.49999988, 1.9820508, 0, 3.5)

[node name="ShipyardWallD" parent="walls" unique_id=1320445874 instance=ExtResource("11_04njl")]
transform = Transform3D(-1, 0, 8.940697e-08, 0, 1, 0, -8.940697e-08, 0, -1, 1.9820508, 0, 3.5)

[node name="ShipyardWallE" parent="walls" unique_id=353976742 instance=ExtResource("11_04njl")]
transform = Transform3D(0.5000002, 0, 0.8660253, 0, 1, 0, -0.8660253, 0, 0.5000002, 1.9820508, 0, 3.5)

[node name="Node3D6" parent="walls" unique_id=873508919 instance=ExtResource("11_04njl")]
transform = Transform3D(-1, 0, 1.1920929e-07, 0, 1, 0, -1.1920929e-07, 0, -1, 2.973076, 0, 1.75)

[node name="Node3D7" parent="walls" unique_id=128809236 instance=ExtResource("11_04njl")]
transform = Transform3D(-0.50000006, 0, -0.8660254, 0, 1, 0, 0.8660254, 0, -0.50000006, 2.973076, 0, 1.75)

[node name="Node3D8" parent="walls" unique_id=91891408 instance=ExtResource("11_04njl")]

[node name="Node3D9" parent="walls" unique_id=1369448016 instance=ExtResource("11_04njl")]
transform = Transform3D(0.49999997, 0, -0.86602545, 0, 1, 0, 0.86602545, 0, 0.49999997, 0, 0, 0)

[node name="Node3D10" parent="walls" unique_id=1052422342 instance=ExtResource("11_04njl")]
transform = Transform3D(-0.5000001, 0, -0.8660254, 0, 1, 0, 0.8660254, 0, -0.5000001, 0, 0, 0)

[node name="Node3D11" parent="walls" unique_id=967557809 instance=ExtResource("11_04njl")]
transform = Transform3D(0.9999999, 0, -2.9802322e-08, 0, 0.99999964, 0, 2.9802322e-08, 0, 0.9999999, -0.9910254, 0, 1.75)

[node name="Node3D12" parent="walls" unique_id=862349759 instance=ExtResource("11_04njl")]
transform = Transform3D(0.49999988, 0, -0.8660253, 0, 0.99999964, 0, 0.8660253, 0, 0.49999988, -0.9910254, 0, 1.75)

[node name="Node3D14" parent="walls" unique_id=1005682200 instance=ExtResource("11_04njl")]
transform = Transform3D(0.5000001, 0, 0.8660252, 0, 0.99999964, 0, -0.8660252, 0, 0.5000001, -0.9910254, 0, 1.75)

[node name="entrances" type="Node3D" parent="." unique_id=884947801]
transform = Transform3D(1, 0, 0, 0, 1, 0, 0, 0, 1, -0.9910254, 0, -1.75)

[node name="Root Scene" parent="entrances" unique_id=950763859 instance=ExtResource("7_616a5")]
transform = Transform3D(-1, 0, 8.742278e-08, 0, 1, 0, -8.742278e-08, 0, -1, 1.9786718, 2.3841858e-07, 0.008921385)

[node name="ShipyardGate" parent="entrances" unique_id=588626811 instance=ExtResource("7_616a5")]
transform = Transform3D(0.49999997, 0, 0.86602545, 0, 1, 0, -0.86602545, 0, 0.49999997, 0, 0, 3.5)

[node name="player_spawn" type="Node3D" parent="." unique_id=1450424186]
transform = Transform3D(1, 0, 0, 0, 1, 0, 0, 0, 1, -1.4227605, 0, -0.27880657)

[editable path="structures/buildable_structure/foundation"]
[editable path="structures/buildable_shipyard/foundation"]
