[gd_scene format=3 uid="uid://b0hwbv6450ror"]

[ext_resource type="Script" uid="uid://beb2p3obw00h8" path="res://scripts/hex_system/settlement.gd" id="1_l415u"]
[ext_resource type="PackedScene" uid="uid://d4ck04oubluj3" path="res://scenes/tops/topper_blacksmith.tscn" id="1_xmt5k"]
[ext_resource type="PackedScene" uid="uid://bidvvqjxevoc3" path="res://scenes/tops/topper_market.tscn" id="6_616a5"]
[ext_resource type="PackedScene" uid="uid://8hv1i8bxhtup" path="res://scenes/tops/buildable_structure.tscn" id="6_l415u"]
[ext_resource type="PackedScene" uid="uid://ceeffxsbgrta" path="res://scenes/tops/fence_stone_straight_gate_collision.tscn" id="7_616a5"]
[ext_resource type="PackedScene" uid="uid://clf621pbnvsbw" path="res://scenes/tops/topper_tavern.tscn" id="7_l415u"]
[ext_resource type="PackedScene" uid="uid://gb2g45tjja61" path="res://meshes/kay_fantasy_hexagon/buildings/neutral/building_stage_A.glb" id="7_mkm41"]
[ext_resource type="Script" uid="uid://cvpndsdtuqm4i" path="res://tools/quest_system/scripts/fetch_quest.gd" id="8_mt1kp"]
[ext_resource type="Resource" uid="uid://byeghtr0gkyhp" path="res://tools/quest_system/resources/quests/build_tavern.tres" id="9_47cix"]
[ext_resource type="PackedScene" uid="uid://dgx2trjwvt0vn" path="res://scenes/tops/fence_stone_straight.tscn" id="11_04njl"]
[ext_resource type="PackedScene" uid="uid://cnxe4icmn8yi5" path="res://scenes/tops/house_simple.tscn" id="11_47cix"]
[ext_resource type="PackedScene" uid="uid://c6gesglis1r62" path="res://scenes/tops/topper_questboard.tscn" id="11_mt1kp"]

[sub_resource type="BoxShape3D" id="BoxShape3D_04njl"]
size = Vector3(1.602665, 0.30893278, 1.25601)

[sub_resource type="BoxShape3D" id="BoxShape3D_msdat"]
size = Vector3(1.0518265, 0.28567123, 0.880126)

[node name="starting_settlement" type="Node3D" unique_id=1143800928 node_paths=PackedStringArray("spawn_position")]
script = ExtResource("1_l415u")
spawn_position = NodePath("player_spawn")
is_active_settlement = true

[node name="structures" type="Node3D" parent="." unique_id=516994821]

[node name="blacksmith" parent="structures" unique_id=728034513 instance=ExtResource("1_xmt5k")]

[node name="market" parent="structures" unique_id=2075765343 instance=ExtResource("6_616a5")]
transform = Transform3D(0.99999994, 0, 0, 0, 1, 0, 0, 0, 0.99999994, 1.9820508, 0, 3.5)

[node name="buildable_structure" parent="structures" unique_id=147799684 node_paths=PackedStringArray("build_steps") instance=ExtResource("6_l415u")]
transform = Transform3D(1, 0, 0, 0, 1, 0, 0, 0, 1, 2.973076, 0, 1.75)
build_steps = [NodePath("foundation"), NodePath("tavern")]

[node name="foundation" parent="structures/buildable_structure" unique_id=216741624 instance=ExtResource("7_mkm41")]
script = ExtResource("8_mt1kp")
quest = ExtResource("9_47cix")
is_quest = false

[node name="interaction" type="Area3D" parent="structures/buildable_structure/foundation" unique_id=1087166324]

[node name="CollisionShape3D" type="CollisionShape3D" parent="structures/buildable_structure/foundation/interaction" unique_id=1366150295]
transform = Transform3D(1, 0, 0, 0, 1, 0, 0, 0, 1, 0.016907275, 0.14401507, 0.122535765)
shape = SubResource("BoxShape3D_04njl")

[node name="collision" type="StaticBody3D" parent="structures/buildable_structure/foundation" unique_id=258863365]

[node name="CollisionShape3D" type="CollisionShape3D" parent="structures/buildable_structure/foundation/collision" unique_id=1289901415]
transform = Transform3D(1, 0, 0, 0, 1, 0, 0, 0, 1, 0.043712616, 0.14244652, 0.09556866)
shape = SubResource("BoxShape3D_msdat")

[node name="tavern" parent="structures/buildable_structure" unique_id=1607926184 instance=ExtResource("7_l415u")]
transform = Transform3D(-0.4999999, 0, -0.86602545, 0, 1, 0, 0.86602545, 0, -0.4999999, 0, 0, 0)
visible = false

[node name="questboard" parent="structures" unique_id=1065241070 instance=ExtResource("11_mt1kp")]
transform = Transform3D(0.8660254, 0, -0.5, 0, 1, 0, 0.5, 0, 0.8660254, 2.397221, 0, -0.66254705)

[node name="home" parent="structures" unique_id=2074058054 instance=ExtResource("11_47cix")]
transform = Transform3D(-0.59999985, 0, 1.0392307, 0, 1.1999999, 0, -1.0392307, 0, -0.59999985, -0.9910254, 0, 1.75)

[node name="walls" type="Node3D" parent="." unique_id=854268926]

[node name="Node3D" parent="walls" unique_id=1934283632 instance=ExtResource("11_04njl")]
transform = Transform3D(0.49999997, 0, -0.86602545, 0, 1, 0, 0.86602545, 0, 0.49999997, 2, 0, 0)

[node name="Node3D2" parent="walls" unique_id=334531834 instance=ExtResource("11_04njl")]
transform = Transform3D(-0.5000001, 0, -0.8660254, 0, 1, 0, 0.8660254, 0, -0.5000001, 2, 0, 0)

[node name="Node3D3" parent="walls" unique_id=1773515905 instance=ExtResource("11_04njl")]
transform = Transform3D(-0.49999988, 0, 0.8660255, 0, 1, 0, -0.8660255, 0, -0.49999988, 1, 0, 1.7499027)

[node name="Node3D4" parent="walls" unique_id=998899151 instance=ExtResource("11_04njl")]
transform = Transform3D(-0.49999988, 0, 0.8660255, 0, 1, 0, -0.8660255, 0, -0.49999988, 2.973076, 0, 1.75)

[node name="Node3D5" parent="walls" unique_id=353976742 instance=ExtResource("11_04njl")]
transform = Transform3D(0.5000002, 0, 0.8660253, 0, 1, 0, -0.8660253, 0, 0.5000002, 2.973076, 0, 1.75)

[node name="Node3D6" parent="walls" unique_id=873508919 instance=ExtResource("11_04njl")]
transform = Transform3D(-1, 0, 1.1920929e-07, 0, 1, 0, -1.1920929e-07, 0, -1, 2.973076, 0, 1.75)

[node name="Node3D7" parent="walls" unique_id=128809236 instance=ExtResource("11_04njl")]
transform = Transform3D(-0.50000006, 0, -0.8660254, 0, 1, 0, 0.8660254, 0, -0.50000006, 2.973076, 0, 1.75)

[node name="Node3D8" parent="walls" unique_id=91891408 instance=ExtResource("11_04njl")]

[node name="Node3D9" parent="walls" unique_id=1369448016 instance=ExtResource("11_04njl")]
transform = Transform3D(0.49999997, 0, -0.86602545, 0, 1, 0, 0.86602545, 0, 0.49999997, 0, 0, 0)

[node name="Node3D10" parent="walls" unique_id=1052422342 instance=ExtResource("11_04njl")]
transform = Transform3D(-0.5000001, 0, -0.8660254, 0, 1, 0, 0.8660254, 0, -0.5000001, 0, 0, 0)

[node name="Node3D11" parent="walls" unique_id=967557809 instance=ExtResource("11_04njl")]
transform = Transform3D(0.9999999, 0, -2.9802322e-08, 0, 0.99999964, 0, 2.9802322e-08, 0, 0.9999999, -0.9910254, 0, 1.75)

[node name="Node3D12" parent="walls" unique_id=862349759 instance=ExtResource("11_04njl")]
transform = Transform3D(0.49999988, 0, -0.8660253, 0, 0.99999964, 0, 0.8660253, 0, 0.49999988, -0.9910254, 0, 1.75)

[node name="Node3D13" parent="walls" unique_id=1379876859 instance=ExtResource("11_04njl")]
transform = Transform3D(-0.4999998, 0, 0.86602545, 0, 0.99999964, 0, -0.86602545, 0, -0.4999998, -0.9910254, 0, 1.75)

[node name="Node3D14" parent="walls" unique_id=1005682200 instance=ExtResource("11_04njl")]
transform = Transform3D(0.5000001, 0, 0.8660252, 0, 0.99999964, 0, -0.8660252, 0, 0.5000001, -0.9910254, 0, 1.75)

[node name="entrances" type="Node3D" parent="." unique_id=884947801]

[node name="Root Scene" parent="entrances" unique_id=950763859 instance=ExtResource("7_616a5")]
transform = Transform3D(-1, 0, 8.742278e-08, 0, 1, 0, -8.742278e-08, 0, -1, 1.9786718, 2.3841858e-07, 0.008921385)

[node name="Root Scene2" parent="entrances" unique_id=588626811 instance=ExtResource("7_616a5")]
transform = Transform3D(0.49999997, 0, 0.86602545, 0, 1, 0, -0.86602545, 0, 0.49999997, 1, 0, 1.7499027)

[node name="player_spawn" type="Node3D" parent="." unique_id=1450424186]
transform = Transform3D(1, 0, 0, 0, 1, 0, 0, 0, 1, -0.43173504, 0, 1.4711934)

[node name="settlement_outline" type="CSGPolygon3D" parent="." unique_id=956747366]
transform = Transform3D(1, 0, 0, 0, -4.371139e-08, -1, 0, 1, -4.371139e-08, 0, -0.5468383, 0)
visible = false
polygon = PackedVector2Array(1.0039513, -0.62513447, 1.9908175, -1.1163411, 2.954699, -0.55694604, 2.97191, 0.579056, 3.9271846, 1.1814812, 3.9788213, 2.3260896, 2.9891229, 2.8940907, 2.9977288, 4.0300922, 0.9753003, 4.0128803, 0.9839072, 2.8424542, -0.031610012, 2.3260896, -0.9868846, 2.8940907, -1.985189, 2.3260896, -1.985189, 1.1728752, -1.0127034, 0.579056, -1.0040965, -0.565552, -0.014398098, -1.1163411)
